FILTER SETTINGS
Filter Type     : UnscentedKalman 
Observation Type: Graphic 

FILTER DATA FORMAT
[ year month day hour minute second ] [fFlag]
[ x y z vx vy vz Cdrag Csrad aR aT aN RecClc ]
      Where;
         x,y,z   : positions   
         vx,vy,vz: velocities   
         Cdrad   : atmospheric drag coefficient   
         Csrad   : solar radiation coefficient   
         aR,aT,aN: empirical accelerations  
                   radial, tangential and normal directions, respectively  
         RecClc  : Receiver clock   
         fFlag    : Filter prediction-update flag. 
                    1 for only time update, 0 for measurement update   

FILTER OUTPUTS
2008 9 1 0 0 39.9999993759266  0
    324662.6279     290049.9044   -6698653.2624      -19.276966     7661.956056      330.838001          1.9998          1.5000 9.512294243831851e-07 9.512325258835619e-07 9.512274950229961e-07     -187.092382
2008 9 1 0 1 9.9999993583333  0
    324394.8189     519693.6901   -6684756.5496        1.472159     7646.148258      594.908550          1.9996          1.5000 9.048709879888429e-07 9.048450718828132e-07 9.048456267296591e-07     -192.366696
2008 9 1 0 1 39.9999991916848  0
    324749.6426     748727.7833   -6662959.6789       22.175197     7621.272009      858.034082          1.9992          1.5000 8.608001582352937e-07 8.607226900521175e-07 8.606228065514932e-07     -242.324952
2008 9 1 0 2 9.9999989474891  0
    325723.4661     976880.0514   -6633283.3742       42.722947     7587.353641     1120.157871          1.9930          1.5000 8.189541262730047e-07 8.188487319710039e-07 8.184447637394518e-07     -315.536107
2008 9 1 0 2 39.9999986585608  0
    327310.5846    1203879.6467   -6595762.9899       63.052559     7544.431261     1380.970015          1.9445          1.5000 7.789028043611039e-07 7.796869658888008e-07 7.781026195647238e-07     -402.155495
2008 9 1 0 3 9.9999983599264  0
    329503.0608    1429456.8866   -6550441.2878       83.099172     7492.553794     1640.173958          1.9144          1.5000 7.407263533490842e-07 7.421139207830817e-07 7.398308234919923e-07     -491.679950
2008 9 1 0 3 39.9999980533612  0
    332292.4186    1653344.3225   -6497371.3650      102.799790     7431.781854     1897.468242          1.9040          1.5000 7.043916234230483e-07 7.060697834045357e-07 7.040230705827625e-07     -583.588979
2008 9 1 0 4 9.9999977204861  0
    335667.4573    1875275.5238   -6436614.6364      122.092508     7362.185342     2152.553200          1.9635          1.5000 6.700603591306634e-07 6.708358362693108e-07 6.697319096382524e-07     -683.382857
2008 9 1 0 4 39.9999974730017  0
    339614.0692    2094987.5124   -6368242.3753      140.915939     7283.844043     2405.130608          1.8544          1.5000 6.370354728416985e-07 6.395086875034865e-07 6.370668493811786e-07     -757.576801
2008 9 1 0 5 9.9999974242528  0
    344117.4898    2312218.8789   -6292333.6755      159.209944     7196.847561     2654.904310          1.6756          1.5000 6.056423694333430e-07 6.104753246436972e-07 6.039205016671368e-07     -772.191291
2008 9 1 0 5 39.9999977238622  0
    349160.8259    2526712.2403   -6208978.3914      176.914803     7101.296298     2901.580338          1.4933          1.5000 5.754731282178558e-07 5.827804072066247e-07 5.748000633748799e-07     -682.370678
2008 9 1 0 6 9.9999983330199  0
    354725.4326    2738211.4031   -6118272.2700      193.972929     6997.301383     3144.869751          1.1639          1.5001 5.467425213204277e-07 5.579087414336260e-07 5.413830631909096e-07     -499.748168
2008 9 1 0 6 39.9999989874486  0
    360791.7033    2946466.2978   -6020322.2578      210.326863     6884.983320     3384.486002          1.1175          1.5002 5.197556948575591e-07 5.311774119083320e-07 5.118302897361614e-07     -303.557362
2008 9 1 0 7 9.9999995439139  0
    367337.5910    3151228.5478   -5915242.5615      225.921075     6764.472289     3620.147662          1.1984          1.5003 4.944282391002150e-07 5.044956678658160e-07 4.803412492094853e-07     -136.732513
2008 9 1 0 7 39.9999999864813  0
    374339.0428    3352254.1860   -5803155.6224      240.701422     6635.907848     3851.576863          1.3198          1.5004 4.693513486261232e-07 4.787890481744290e-07 4.508192980226092e-07       -4.051188
2008 9 1 0 8 10.0000002647866  0
    381771.8445    3549304.1343   -5684192.1020      254.614851     6499.439124     4078.499712          1.9684          1.5005 4.473383901601697e-07 4.498383858832672e-07 4.207948959631315e-07       79.380400
2008 9 1 0 8 40.0000003599707  0
    389607.2469    3742143.2915   -5558492.3959      267.610769     6355.225796     4300.647131          2.1207          1.5007 4.249712318664291e-07 4.266474771126374e-07 3.931149325096827e-07      107.914608
2008 9 1 0 9 10.0000002874876  0
    397818.3527    3930541.9491   -5426203.2203      279.639739     6203.436123     4517.755395          2.5425          1.5008 4.031622693207378e-07 4.025462354637363e-07 3.664188384423443e-07       86.184809
2008 9 1 0 9 40.0000000621949  0
    406375.3283    4114275.6458   -5287479.6904      290.654592     6044.247412     4729.566245          2.8844          1.5010 3.813997989289350e-07 3.803926494944434e-07 3.373406077981454e-07       18.647491
2008 9 1 0 10 9.9999998533021  0
    415246.7790    4293124.8448   -5142484.4721      300.610160     5877.846083     4935.827044          3.4190          1.5011 3.626966734064852e-07 3.580546352118628e-07 3.144278995160400e-07      -43.979692
2008 9 1 0 10 39.9999998619605  0
    424400.2748    4466876.3055   -4991387.9995      309.463285     5704.427979     5136.290602          3.8494          1.5014 3.431324700114207e-07 3.376840638213649e-07 2.835187709583717e-07      -41.384314
2008 9 1 0 11 10.0000000576692  0
    433802.5606    4635322.5221   -4834367.4131      317.172747     5524.197446     5330.716684          4.1416          1.5016 3.250411862060601e-07 3.193448786708540e-07 2.613256404305885e-07       17.290917
2008 9 1 0 11 40.0000004147005  0
    443418.5770    4798262.2809   -4671607.5181      323.699952     5337.367418     5518.871709          4.1466          1.5019 3.070717062934061e-07 3.037417072640973e-07 2.333035011378935e-07      124.324057
2008 9 1 0 12 10.0000008798961  0
    453212.0862    4955500.9403   -4503300.1944      329.008633     5144.159009     5700.528897          4.1151          1.5021 2.894557886735400e-07 2.891037585916874e-07 2.109772009131720e-07      263.788084
2008 9 1 0 12 40.0000013297977  0
    463146.0973    5106850.5492   -4329643.2806      333.064927     4944.801142     5875.468834          4.0494          1.5024 2.717895127640338e-07 2.753615794668277e-07 1.864288989915596e-07      398.665320
2008 9 1 0 13 10.0000016781705  0
    473182.4849    5252130.1189   -4150841.6212      335.837447     4739.530926     6043.479809          3.8018          1.5026 2.559211657293357e-07 2.632667724128036e-07 1.639316487998196e-07      503.103516
2008 9 1 0 13 40.0000018497230  0
    483282.6483    5391165.8607   -3967105.9914      337.297159     4528.592470     6204.357864          4.1362          1.5029 2.405336332184130e-07 2.486714012521066e-07 1.412340838693546e-07      554.533021
2008 9 1 0 14 10.0000018192222  0
    493406.5825    5523791.5895   -3778653.5143      337.417906     4312.237483     6357.907280          4.3793          1.5033 2.243592499191097e-07 2.352902957768683e-07 1.167560146321611e-07      545.387123
2008 9 1 0 14 40.0000016366394  0
    503513.7463    5649848.6032   -3585706.8201      336.176052     4090.724308     6503.940610          4.7923          1.5036 2.104433401843924e-07 2.217793608387728e-07 9.430135628622872e-08      490.650678
2008 9 1 0 15 10.0000012649834  0
    513563.0681    5769186.2411   -3388494.0741      333.550752     3864.318371     6642.278933          4.6460          1.5039 1.964216397607017e-07 2.115502580332459e-07 7.860017356423579e-08      379.234402
2008 9 1 0 15 40.0000007380149  0
    523512.5773    5881661.6597   -3187248.7135      329.524254     3633.291245     6772.752325          4.6745          1.5042 1.832544971325202e-07 2.010012195103654e-07 5.975699611239810e-08      221.250344
